results = [
0 2 80 1.56919e-07
1 2 80 1.9931e-07
2 1 32 1.4669e-07
] ; resid = 0 ;
lnz = 5 ;
t = 4.49619e-08 ;   % dense solve time
